0.001485 0.000000
0.004015 1.000000
0.007435 2.000000
0.011649 3.000000
0.016557 4.000000
0.022059 5.000000
0.028057 6.000000
0.034452 7.000000
0.041145 8.000000
0.048015 9.000000
0.055187 10.000000
0.063130 11.000000
0.072327 12.000000
0.083260 13.000000
0.096411 14.000000
0.112262 15.000000
0.137717 16.000000
0.177727 17.000000
0.739797 39.000000
0.752248 40.000000
0.762232 41.000000
0.770695 42.000000
0.778586 43.000000
0.786833 44.000000
0.795182 45.000000
0.803175 46.000000
0.810818 47.000000
0.818117 48.000000
0.825077 49.000000
0.831705 50.000000
0.838007 51.000000
0.843987 52.000000
0.849654 53.000000
0.855011 54.000000
0.860065 55.000000
0.864834 56.000000
0.869406 57.000000
0.873809 58.000000
0.878051 59.000000
0.882143 60.000000
0.886094 61.000000
0.889914 62.000000
0.893613 63.000000
0.897201 64.000000
0.900687 65.000000
0.904080 66.000000
0.907392 67.000000
0.910631 68.000000
0.913808 69.000000
0.916932 70.000000
0.920012 71.000000
0.923059 72.000000
0.926083 73.000000
0.929092 74.000000
0.932098 75.000000
0.935102 76.000000
0.938083 77.000000
0.941037 78.000000
0.943965 79.000000
0.946866 80.000000
0.949739 81.000000
0.952584 82.000000
0.955400 83.000000
0.958187 84.000000
0.960944 85.000000
0.963671 86.000000
0.966368 87.000000
0.969033 88.000000
0.971667 89.000000
0.974269 90.000000
0.976839 91.000000
0.979375 92.000000
0.981878 93.000000
0.984347 94.000000
0.986782 95.000000
0.989182 96.000000
0.991546 97.000000
0.993874 98.000000
0.996166 99.000000
0.998421 100.000000
1.000639 101.000000
1.002819 102.000000
1.004960 103.000000
1.007063 104.000000
1.009127 105.000000
1.011154 106.000000
1.013151 107.000000
1.015119 108.000000
1.017058 109.000000
1.018970 110.000000
1.020856 111.000000
1.022716 112.000000
1.024552 113.000000
1.026363 114.000000
1.028152 115.000000
1.029920 116.000000
1.031666 117.000000
1.033392 118.000000
1.035099 119.000000
1.036788 120.000000
1.038460 121.000000
1.040115 122.000000
1.041755 123.000000
1.043380 124.000000
1.044992 125.000000
1.046591 126.000000
1.048179 127.000000
1.049755 128.000000
1.051322 129.000000
1.052880 130.000000
1.054430 131.000000
1.055973 132.000000
1.057509 133.000000
1.059041 134.000000
1.060567 135.000000
1.062091 136.000000
1.063612 137.000000
1.065131 138.000000
1.066650 139.000000
1.068169 140.000000
1.069689 141.000000
1.071212 142.000000
1.072737 143.000000
1.074266 144.000000
1.075800 145.000000
1.077340 146.000000
1.078883 147.000000
1.080426 148.000000
1.081969 149.000000
1.083512 150.000000
1.085054 151.000000
1.086595 152.000000
1.088135 153.000000
1.089674 154.000000
1.091210 155.000000
1.092745 156.000000
1.094277 157.000000
1.095806 158.000000
1.097332 159.000000
1.098855 160.000000
1.100375 161.000000
1.101890 162.000000
1.103402 163.000000
1.104909 164.000000
1.106411 165.000000
1.107908 166.000000
1.109399 167.000000
1.110885 168.000000
1.112365 169.000000
1.113839 170.000000
1.115306 171.000000
1.116766 172.000000
1.118219 173.000000
1.119665 174.000000
1.121103 175.000000
1.122533 176.000000
1.123954 177.000000
1.125367 178.000000
1.126771 179.000000
1.128165 180.000000
1.129551 181.000000
1.130926 182.000000
1.132291 183.000000
1.133646 184.000000
1.134990 185.000000
1.136323 186.000000
1.137645 187.000000
1.138955 188.000000
1.140253 189.000000
1.141539 190.000000
1.142813 191.000000
1.144074 192.000000
1.145321 193.000000
1.146556 194.000000
1.147776 195.000000
1.148983 196.000000
1.150177 197.000000
1.151363 198.000000
1.152542 199.000000
1.153713 200.000000
1.154876 201.000000
1.156032 202.000000
1.157181 203.000000
1.158323 204.000000
1.159458 205.000000
1.160585 206.000000
1.161706 207.000000
1.162820 208.000000
1.163927 209.000000
1.165028 210.000000
1.166122 211.000000
1.167209 212.000000
1.168290 213.000000
1.169365 214.000000
1.170433 215.000000
1.171495 216.000000
1.172551 217.000000
1.173602 218.000000
1.174646 219.000000
1.175684 220.000000
1.176717 221.000000
1.177744 222.000000
1.178765 223.000000
1.179781 224.000000
1.180792 225.000000
1.181797 226.000000
1.182797 227.000000
1.183792 228.000000
1.184782 229.000000
1.185767 230.000000
1.186746 231.000000
1.187721 232.000000
1.188692 233.000000
1.189658 234.000000
1.190619 235.000000
1.191575 236.000000
1.192528 237.000000
1.193476 238.000000
1.194419 239.000000
1.195359 240.000000
1.196295 241.000000
1.197226 242.000000
1.198154 243.000000
1.199078 244.000000
1.199998 245.000000
1.200915 246.000000
1.201828 247.000000
1.202737 248.000000
1.203643 249.000000
1.204546 250.000000
1.205446 251.000000
1.206343 252.000000
1.207236 253.000000
1.208127 254.000000
1.209013 255.000000
1.209895 256.000000
1.210772 257.000000
1.211645 258.000000
1.212514 259.000000
1.213379 260.000000
1.214240 261.000000
1.215097 262.000000
1.215950 263.000000
1.216798 264.000000
1.217643 265.000000
1.218485 266.000000
1.219322 267.000000
1.220156 268.000000
1.220986 269.000000
1.221813 270.000000
1.222636 271.000000
1.223456 272.000000
1.224273 273.000000
1.225086 274.000000
1.225896 275.000000
1.226703 276.000000
1.227507 277.000000
1.228307 278.000000
1.229105 279.000000
1.229900 280.000000
1.230692 281.000000
1.231482 282.000000
1.232268 283.000000
1.233052 284.000000
1.233833 285.000000
1.234612 286.000000
1.235389 287.000000
1.236162 288.000000
1.236934 289.000000
1.237703 290.000000
1.238471 291.000000
1.239236 292.000000
1.239999 293.000000
1.240759 294.000000
1.241518 295.000000
1.242275 296.000000
1.243031 297.000000
1.243784 298.000000
1.244536 299.000000
1.245286 300.000000
1.246034 301.000000
1.246781 302.000000
1.247527 303.000000
1.248271 304.000000
1.249014 305.000000
1.249755 306.000000
1.250496 307.000000
1.251235 308.000000
1.251973 309.000000
1.252710 310.000000
1.253446 311.000000
1.254181 312.000000
1.254916 313.000000
1.255649 314.000000
1.256382 315.000000
1.257115 316.000000
1.257846 317.000000
1.258578 318.000000
1.259308 319.000000
1.260039 320.000000
1.260769 321.000000
1.261498 322.000000
1.262228 323.000000
1.262957 324.000000
1.263687 325.000000
1.264415 326.000000
1.265142 327.000000
1.265868 328.000000
1.266592 329.000000
1.267316 330.000000
1.268038 331.000000
1.268759 332.000000
1.269479 333.000000
1.270197 334.000000
1.270915 335.000000
1.271631 336.000000
1.272346 337.000000
1.273060 338.000000
1.273772 339.000000
1.274484 340.000000
1.275194 341.000000
1.275902 342.000000
1.276610 343.000000
1.277316 344.000000
1.278022 345.000000
1.278726 346.000000
1.279428 347.000000
1.280130 348.000000
1.280830 349.000000
1.281529 350.000000
1.282226 351.000000
1.282923 352.000000
1.283618 353.000000
1.284312 354.000000
1.285004 355.000000
1.285696 356.000000
1.286386 357.000000
1.287074 358.000000
1.287762 359.000000
1.288448 360.000000
1.289133 361.000000
1.289816 362.000000
1.290499 363.000000
1.291180 364.000000
1.291859 365.000000
1.292538 366.000000
1.293215 367.000000
1.293891 368.000000
1.294565 369.000000
1.295238 370.000000
1.295910 371.000000
1.296580 372.000000
1.297250 373.000000
1.297917 374.000000
1.298584 375.000000
1.299249 376.000000
1.299913 377.000000
1.300575 378.000000
1.301237 379.000000
1.301896 380.000000
1.302555 381.000000
1.303212 382.000000
1.303867 383.000000
1.304522 384.000000
1.305175 385.000000
1.305826 386.000000
1.306477 387.000000
1.307125 388.000000
1.307773 389.000000
1.308419 390.000000
1.309064 391.000000
1.309707 392.000000
1.310349 393.000000
1.310989 394.000000
1.311629 395.000000
1.312266 396.000000
1.312903 397.000000
1.313538 398.000000
1.314171 399.000000
1.314803 400.000000
1.315434 401.000000
1.316063 402.000000
1.316689 403.000000
1.317313 404.000000
1.317934 405.000000
1.318553 406.000000
1.319169 407.000000
1.319783 408.000000
1.320395 409.000000
1.321004 410.000000
1.321611 411.000000
1.322216 412.000000
1.322819 413.000000
1.323420 414.000000
1.324020 415.000000
1.324617 416.000000
1.325212 417.000000
1.325806 418.000000
1.326398 419.000000
1.326989 420.000000
1.327578 421.000000
1.328166 422.000000
1.328752 423.000000
1.329337 424.000000
1.329921 425.000000
1.330503 426.000000
1.331084 427.000000
1.331664 428.000000
1.332244 429.000000
1.332822 430.000000
1.333399 431.000000
1.333976 432.000000
1.334552 433.000000
1.335127 434.000000
1.335701 435.000000
1.336275 436.000000
1.336849 437.000000
1.337422 438.000000
1.337994 439.000000
1.338567 440.000000
1.339139 441.000000
1.339711 442.000000
1.340283 443.000000
1.340854 444.000000
1.341426 445.000000
1.341998 446.000000
1.342570 447.000000
1.343142 448.000000
1.343715 449.000000
1.344288 450.000000
1.344861 451.000000
1.345434 452.000000
1.346009 453.000000
1.346584 454.000000
1.347159 455.000000
1.347735 456.000000
1.348312 457.000000
1.348890 458.000000
1.349469 459.000000
1.350049 460.000000
1.350629 461.000000
1.351211 462.000000
1.351795 463.000000
1.352379 464.000000
1.352964 465.000000
1.353551 466.000000
1.354140 467.000000
1.354730 468.000000
1.355321 469.000000
1.355914 470.000000
1.356509 471.000000
1.357107 472.000000
1.357709 473.000000
1.358315 474.000000
1.358924 475.000000
1.359538 476.000000
1.360155 477.000000
1.360775 478.000000
1.361398 479.000000
1.362024 480.000000
1.362652 481.000000
1.363283 482.000000
1.363916 483.000000
1.364552 484.000000
1.365189 485.000000
1.365827 486.000000
1.366468 487.000000
1.367109 488.000000
1.367751 489.000000
1.368395 490.000000
1.369039 491.000000
1.369683 492.000000
1.370328 493.000000
1.370973 494.000000
1.371617 495.000000
1.372262 496.000000
1.372905 497.000000
1.373548 498.000000
1.374190 499.000000
1.374831 500.000000
1.375471 501.000000
1.376109 502.000000
1.376746 503.000000
1.377380 504.000000
1.378012 505.000000
1.378642 506.000000
1.379270 507.000000
1.379895 508.000000
1.380517 509.000000
1.381136 510.000000
1.381751 511.000000
1.382363 512.000000
1.382971 513.000000
1.383576 514.000000
1.384176 515.000000
1.384772 516.000000
1.385363 517.000000
1.385950 518.000000
1.386532 519.000000
1.387109 520.000000
1.387680 521.000000
1.388246 522.000000
1.388807 523.000000
1.389361 524.000000
1.389910 525.000000
1.390452 526.000000
1.390987 527.000000
1.391516 528.000000
1.392038 529.000000
1.392553 530.000000
1.393061 531.000000
1.393561 532.000000
1.394054 533.000000
1.394538 534.000000
1.395012 535.000000
1.395476 536.000000
1.395931 537.000000
1.396376 538.000000
1.396813 539.000000
1.397241 540.000000
1.397663 541.000000
1.398077 542.000000
1.398484 543.000000
1.398885 544.000000
1.399281 545.000000
1.399671 546.000000
1.400056 547.000000
1.400438 548.000000
1.400815 549.000000
1.401189 550.000000
1.401560 551.000000
1.401929 552.000000
1.402296 553.000000
1.402662 554.000000
1.403027 555.000000
1.403391 556.000000
1.403755 557.000000
1.404120 558.000000
1.404486 559.000000
1.404853 560.000000
1.405222 561.000000
1.405593 562.000000
1.405968 563.000000
1.406345 564.000000
1.406727 565.000000
1.407113 566.000000
1.407504 567.000000
1.407900 568.000000
1.408301 569.000000
1.408709 570.000000
1.409124 571.000000
1.409546 572.000000
1.409975 573.000000
1.410413 574.000000
1.410859 575.000000
1.411314 576.000000
1.411779 577.000000
1.412254 578.000000
1.412739 579.000000
1.413235 580.000000
1.413743 581.000000
1.414264 582.000000
1.414815 583.000000
1.415403 584.000000
1.416025 585.000000
1.416679 586.000000
1.417362 587.000000
1.418072 588.000000
1.418807 589.000000
1.419564 590.000000
1.420341 591.000000
1.421135 592.000000
1.421945 593.000000
1.422767 594.000000
1.423599 595.000000
1.424439 596.000000
1.425284 597.000000
1.426133 598.000000
1.426982 599.000000
1.427830 600.000000
1.428673 601.000000
1.429510 602.000000
1.430337 603.000000
1.431154 604.000000
1.431956 605.000000
1.432743 606.000000
1.433511 607.000000
1.434258 608.000000
1.434981 609.000000
1.435679 610.000000
1.436349 611.000000
1.436988 612.000000
1.437595 613.000000
1.438166 614.000000
1.438699 615.000000
1.439192 616.000000
1.439643 617.000000
1.440048 618.000000
1.440407 619.000000
1.440716 620.000000
1.440998 621.000000
1.441260 622.000000
1.441505 623.000000
1.441733 624.000000
1.441947 625.000000
1.442146 626.000000
1.442333 627.000000
1.442509 628.000000
1.442675 629.000000
1.442832 630.000000
1.442982 631.000000
1.443126 632.000000
1.443264 633.000000
1.443400 634.000000
1.443533 635.000000
1.443665 636.000000
1.443797 637.000000
1.443931 638.000000
1.444067 639.0000